[DEFAULT]
max_iter = 1000
q = 0.5
delta = 10
h = 1
verbose = 1

[unknown]

[Samson]
delta: 0.3929806346634708
h: 2.433269428826493, 0.03382059256689659, 0.7892332537941407
q: 0.7932352657766276

[Jasper]
delta = 266.2584649333148
h0 = 262.6470876648806
h1 = 489.6310242488621
h2 = 479.6374459387135
h3 = 983.6226953424812
q = 0.11376288399602696
;delta: 0.4198371569458921
;h0: 2.255127715637755
;h1: 7.079891996274132
;h2: 6.766583527025931
;h3: 5.249688489405158
;q: 0.3789679815618744

[Urban4]
q = 0.5
delta = 10
h = 1

[Urban5]

[Urban6]
q = 0.003
delta = 10
h = 703.1, 234.68, 927.4, 1064.2, 1436.6, 483.8

