[DEFAULT]
max_iter = 1000
q = 0.5
delta = 10
h = 1
verbose = 1

[unknown]

[Samson]
delta: 0.3929806346634708
h: 2.433269428826493, 0.03382059256689659, 0.7892332537941407
q: 0.7932352657766276

[Jasper]
;q = 0.640
;delta = 5000
;h1 = 1052.5, 2064.3, 991.8, 924.1
delta: 0.4198371569458921
h: 2.255127715637755, 7.079891996274132, 6.766583527025931, 5.249688489405158
q: 0.3789679815618744

[Urban4]
q = 0.5
delta = 10
h = 1

[Urban5]

[Urban6]
q = 0.003
delta = 10
h = 703.1, 234.68, 927.4, 1064.2, 1436.6, 483.8

