[DEFAULT]
max_iter = 1000
q = 0.5
delta = 10
h = 1
verbose = 1

[unknown]

[Samson]
;q = 0.874292391819798
;delta = 21.539652175466617
;h1 = 1013.3
;h2 = 999.7
;h3 = 1025.3
delta: 0.3929806346634708
h1: 2.433269428826493
h2: 0.03382059256689659
h3: 0.7892332537941407
q: 0.7932352657766276

[Jasper]
;q = 0.640
;delta = 5000
;h = 1052.5,2064.3,991.8,924.1
delta = 266.2584649333148
h0 = 262.6470876648806
h1 = 489.6310242488621
h2 = 479.6374459387135
h3 = 983.6226953424812
q = 0.11376288399602696

[Urban4]
q = 0.5
delta = 10
h = 1

[Urban5]

[Urban6]
q = 0.003
delta = 10
h0 = 703.1
h1 = 234.68
h2 = 927.4
h3 =  1064.2
h4 =  1436.6
h5 =  483.8

