[DEFAULT]
max_iter = 1000
q = 0.5
delta = 10
h = 1
verbose = 1

[unknown]

[Samson]
;q = 0.874292391819798
;delta = 21.539652175466617
;h1 = 1013.3
;h2 = 999.7
;h3 = 1025.3
delta: 0.3929806346634708
h1: 2.433269428826493
h2: 0.03382059256689659
h3: 0.7892332537941407
q: 0.7932352657766276

[Jasper]
;q = 0.640
;delta = 5000
;h1 = 1052.5
;h2 = 2064.3
;h3 = 991.8
;h4 = 924.1
delta: 999.4071551663945
h0: 0.6059898982473861
h1: 3.3727757978380177
h2: 5.003925782152911
h3: 5.6326458142081295
q:  0.43332628384306054

[Urban4]
q = 0.5
delta = 10
h = 1

[Urban5]

[Urban6]
q = 0.003
delta = 10
h0 = 703.1
h1 = 234.68
h2 = 927.4
h3 =  1064.2
h4 =  1436.6
h5 =  483.8

