[DEFAULT]
max_iter = 500
q = 0.5
delta = 10
h = 1
verbose = 1

[unknown]

[Samson]
delta = 5.874165436415113
h0 = 0.295210643178511
h1 = 0.3837271607596361
h2 = 0.37234439542831493
q = 0.9592550966172372

[Jasper]
delta = 15.21230690681412
h0 = 37.441218063545165
h1 = 0.7762963905784027
h2 = 1.0190383524557654
h3 = 50.34571587543891
q = 0.34296204576941025

[Urban4]
;q = 0.5
;delta = 10
;h = 1
delta = 0.003670870224176714
h0 = 0.22147461106722177
h1 = 0.6546925914350474
h2 = 6.348468801055037
h3 = 0.00773916793427465
q = 0.4661178946558828

[Urban5]

[Urban6]
;q = 0.003
;delta = 10
;h0 = 703.1
;h1 = 234.68
;h2 = 927.4
;h3 =  1064.2
;h4 =  1436.6
;h5 =  483.8
delta = 12.629588437893307
h0 = 2.995168386541219
h1 = 0.9922154181936476
h2 = 1.3859574855274126
h3 = 0.033538584782382516
h4 = 19.110974777605602
h5 = 1.4043145084982227
q = 0.3935330496599742
